Level	AC	AC(N)	AC(H)	L-AC	L-AC(N)	L-AC(H)	TH	TH(N)	TH(H)	L-TH	L-TH(N)	L-TH(H)	HP	HP(N)	HP(H)	L-HP	L-HP(N)	L-HP(H)	DM	DM(N)	DM(H)	L-DM	L-DM(N)	L-DM(H)	XP	XP(N)	XP(H)	L-XP	L-XP(N)	L-XP(H)
0	1	1	1	1	1	1	1	1	1	1	1	1	1	1	1	1	1	1	1	1	1	1	1	1	1	1	1	1	1	1
1	6	108	173	6	108	173	8	108	216	8	108	216	7	107	1107	7	107	1107	2	3	4	2	3	4	30	78	117	30	78	117
2	12	120	190	12	120	190	12	126	254	12	126	254	9	113	1136	9	113	1136	3	4	6	3	4	6	40	104	156	40	104	156
3	18	132	208	18	132	208	18	144	292	18	144	292	12	120	1167	12	120	1167	3	4	6	3	4	6	50	131	197	50	131	197
4	24	144	226	24	144	226	26	162	330	26	162	330	15	125	1196	15	125	1196	4	5	7	4	5	7	60	156	234	60	156	234
5	30	156	243	30	156	243	35	180	368	35	180	368	17	132	1227	17	132	1227	4	5	7	4	5	7	70	182	273	70	182	273
6	36	168	261	36	168	261	45	198	406	45	198	406	20	139	1256	20	139	1256	5	7	9	5	7	9	80	207	311	80	207	311
7	42	180	278	42	180	278	56	216	444	56	216	444	23	145	1287	23	145	1287	5	7	9	5	7	9	90	234	351	90	234	351
8	48	192	296	48	192	296	67	234	482	67	234	482	27	152	1316	27	152	1316	6	8	11	6	8	11	100	260	390	100	260	390
9	54	204	314	54	204	314	78	252	520	78	252	520	31	157	1347	31	157	1347	7	9	13	7	9	13	110	285	428	110	285	428
10	60	216	331	60	216	331	89	270	558	89	270	558	35	164	1376	35	164	1376	7	9	13	7	9	13	120	312	468	120	312	468
11	66	228	349	66	228	349	100	288	596	100	288	596	36	171	1407	36	171	1407	8	11	15	8	11	15	130	338	507	130	338	507
12	72	240	366	72	240	366	111	306	634	111	306	634	40	177	1436	40	177	1436	8	11	15	8	11	15	140	363	545	140	363	545
13	78	252	384	78	252	384	122	324	672	122	324	672	44	184	1467	44	184	1467	9	12	17	9	12	17	154	401	602	154	401	602
14	84	264	402	84	264	402	133	342	710	133	342	710	48	189	1496	48	189	1496	10	13	19	10	13	19	169	440	660	169	440	660
15	90	276	419	90	276	419	144	360	748	144	360	748	52	196	1527	52	196	1527	10	13	19	10	13	19	186	482	723	186	482	723
16	96	288	437	96	288	437	155	378	786	155	378	786	56	203	1556	56	203	1556	11	15	20	11	15	20	205	533	800	205	533	800
17	102	300	454	102	300	454	166	396	824	166	396	824	60	209	1587	60	209	1587	11	15	20	11	15	20	225	584	876	225	584	876
18	108	312	472	108	312	472	177	414	862	177	414	862	64	216	1616	64	216	1616	12	16	22	12	16	22	248	644	966	248	644	966
19	114	324	490	114	324	490	188	432	900	188	432	900	68	221	1647	68	221	1647	13	17	24	13	17	24	273	708	1062	273	708	1062
20	120	336	507	120	336	507	199	450	938	199	450	938	73	228	1676	73	228	1676	13	17	24	13	17	24	300	779	1169	300	779	1169
21	126	348	525	126	348	525	210	468	976	210	468	976	78	236	1707	78	236	1707	14	19	26	14	19	26	330	857	1286	330	857	1286
22	132	360	542	132	360	542	221	486	1014	221	486	1014	84	243	1736	84	243	1736	14	19	26	14	19	26	363	942	1413	363	942	1413
23	138	372	560	138	372	560	232	504	1052	232	504	1052	89	248	1767	89	248	1767	15	20	28	15	20	28	399	1035	1553	399	1035	1553
24	144	384	578	144	384	578	243	522	1090	243	522	1090	94	255	1796	94	255	1796	16	21	30	16	21	30	439	1139	1709	439	1139	1709
25	150	396	595	150	396	595	254	540	1128	254	540	1128	100	261	1827	100	261	1827	16	21	30	16	21	30	470	1220	1830	470	1220	1830
26	156	408	613	156	408	613	265	558	1166	265	558	1166	106	268	1856	106	268	1856	17	23	31	17	23	31	503	1305	1958	503	1305	1958
27	162	420	630	162	420	630	276	576	1204	276	576	1204	113	275	1887	113	275	1887	17	23	31	17	23	31	538	1397	2096	538	1397	2096
28	168	432	648	168	432	648	287	594	1242	287	594	1242	120	280	1916	120	280	1916	18	24	33	18	24	33	576	1494	2241	576	1494	2241
29	174	444	666	174	444	666	298	612	1280	298	612	1280	126	287	1947	126	287	1947	19	25	35	19	25	35	616	1598	2397	616	1598	2397
30	180	456	683	180	456	683	309	630	1318	309	630	1318	134	320	1976	134	320	1976	19	25	35	19	25	35	659	1709	2564	659	1709	2564
31	186	468	701	186	468	701	320	648	1356	320	648	1356	142	355	2007	142	355	2007	20	27	37	20	27	37	706	1832	2748	706	1832	2748
32	192	480	718	192	480	718	331	666	1394	331	666	1394	150	388	2036	150	388	2036	20	27	37	20	27	37	755	1958	2937	755	1958	2937
33	198	492	736	198	492	736	342	684	1432	342	684	1432	158	423	2067	158	423	2067	21	28	39	21	28	39	808	2097	3146	808	2097	3146
34	204	504	754	204	504	754	353	702	1470	353	702	1470	166	456	2096	166	456	2096	22	29	41	22	29	41	864	2241	3362	864	2241	3362
35	210	516	771	210	516	771	364	720	1508	364	720	1508	174	491	2127	174	491	2127	22	29	41	22	29	41	925	2399	3599	925	2399	3599
36	216	528	789	216	528	789	375	738	1546	375	738	1546	182	525	2156	182	525	2156	23	31	43	23	31	43	990	2568	3852	990	2568	3852
37	222	540	806	222	540	806	386	756	1584	386	756	1584	190	559	2187	190	559	2187	23	31	43	23	31	43	1059	2745	4118	1059	2745	4118
38	228	552	824	228	552	824	397	774	1622	397	774	1622	198	593	2216	198	593	2216	24	32	44	24	32	44	1133	2939	4409	1133	2939	4409
39	234	564	842	234	564	842	408	792	1660	408	792	1660	206	627	2247	206	627	2247	25	33	46	25	33	46	1212	3144	4716	1212	3144	4716
40	240	576	859	240	576	859	419	810	1698	419	810	1698	215	661	2276	215	661	2276	25	33	46	25	33	46	1297	3365	5048	1297	3365	5048
41	246	588	877	246	588	877	430	828	1736	430	828	1736	225	696	2307	225	696	2307	26	35	48	26	35	48	1388	3600	5400	1388	3600	5400
42	252	600	894	252	600	894	441	846	1774	441	846	1774	234	729	2336	234	729	2336	26	35	48	26	35	48	1485	3852	5778	1485	3852	5778
43	258	612	912	258	612	912	452	864	1812	452	864	1812	243	764	2367	243	764	2367	27	36	50	27	36	50	1589	4121	6182	1589	4121	6182
44	264	624	930	264	624	930	463	882	1850	463	882	1850	253	797	2396	253	797	2396	28	37	52	28	37	52	1693	4409	6614	1693	4409	6614
45	270	636	947	270	636	947	474	900	1888	474	900	1888	262	832	2427	262	832	2427	28	37	52	28	37	52	1797	4718	7077	1797	4718	7077
46	276	648	965	276	648	965	485	918	1926	485	918	1926	271	867	2456	271	867	2456	29	39	54	29	39	54	1901	5051	7577	1901	5051	7577
47	282	660	982	282	660	982	496	936	1964	496	936	1964	281	900	2487	281	900	2487	29	39	54	29	39	54	2005	5402	8103	2005	5402	8103
48	288	672	1000	288	672	1000	507	954	2002	507	954	2002	290	935	2516	290	935	2516	30	40	56	30	40	56	2109	5783	8675	2109	5783	8675
49	294	684	1018	294	684	1018	518	972	2040	518	972	2040	299	968	2547	299	968	2547	31	41	57	31	41	57	2213	6186	9279	2213	6186	9279
50	300	696	1035	300	696	1035	529	990	2078	529	990	2078	310	1003	2576	310	1003	2576	31	41	57	31	41	57	2317	6618	9927	2317	6618	9927
51	306	708	1053	306	708	1053	540	1008	2116	540	1008	2116	321	1037	2607	321	1037	2607	32	43	59	32	43	59	2421	7080	10620	2421	7080	10620
52	312	720	1070	312	720	1070	551	1026	2154	551	1026	2154	331	1071	2636	331	1071	2636	32	43	59	32	43	59	2525	7506	11259	2525	7506	11259
53	318	732	1088	318	732	1088	562	1044	2192	562	1044	2192	342	1105	2667	342	1105	2667	33	44	61	33	44	61	2629	7956	11934	2629	7956	11934
54	324	744	1106	324	744	1106	573	1062	2230	573	1062	2230	352	1139	2707	352	1139	2707	34	45	63	34	45	63	2733	8435	12653	2733	8435	12653
55	330	756	1123	330	756	1123	584	1080	2268	584	1080	2268	363	1173	2767	363	1173	2767	34	45	63	34	45	63	2837	8942	13413	2837	8942	13413
56	336	768	1141	336	768	1141	595	1098	2306	595	1098	2306	374	1208	2847	374	1208	2847	35	47	65	35	47	65	2941	9477	14216	2941	9477	14216
57	342	780	1158	342	780	1158	606	1116	2344	606	1116	2344	384	1241	2962	384	1241	2962	35	47	65	35	47	65	3045	10044	15066	3045	10044	15066
58	348	792	1176	348	792	1176	617	1134	2382	617	1134	2382	395	1276	3077	395	1276	3077	36	48	67	36	48	67	3149	10647	15971	3149	10647	15971
59	354	804	1194	354	804	1194	628	1152	2420	628	1152	2420	406	1309	3192	406	1309	3192	37	49	68	37	49	68	3253	11286	16929	3253	11286	16929
60	360	816	1211	360	816	1211	639	1170	2458	639	1170	2458	418	1344	3307	418	1344	3307	37	49	68	37	49	68	3357	11964	17946	3357	11964	17946
61	366	828	1229	366	828	1229	650	1188	2496	650	1188	2496	430	1379	3422	430	1379	3422	38	51	70	38	51	70	3461	12680	19020	3461	12680	19020
62	372	840	1246	372	840	1246	661	1206	2534	661	1206	2534	442	1412	3537	442	1412	3537	38	51	70	38	51	70	3565	13442	20163	3565	13442	20163
63	378	852	1264	378	852	1264	672	1224	2572	672	1224	2572	454	1447	3652	454	1447	3652	39	52	72	39	52	72	3669	14249	21374	3669	14249	21374
64	384	864	1282	384	864	1282	683	1242	2610	683	1242	2610	466	1480	3767	466	1480	3767	39	52	72	39	52	72	3773	15104	22656	3773	15104	22656
65	390	876	1299	390	876	1299	694	1260	2648	694	1260	2648	477	1515	3882	477	1515	3882	40	53	74	40	53	74	3877	16010	24015	3877	16010	24015
66	396	888	1317	396	888	1317	705	1278	2686	705	1278	2686	489	1549	3997	489	1549	3997	41	55	76	41	55	76	3981	16916	25374	3981	16916	25374
67	402	900	1334	402	900	1334	716	1296	2724	716	1296	2724	501	1583	4112	501	1583	4112	41	55	76	41	55	76	4085	17822	26733	4085	17822	26733
68	408	912	1352	408	912	1352	727	1314	2762	727	1314	2762	513	1617	4227	513	1617	4227	42	56	78	42	56	78	4189	18728	28092	4189	18728	28092
69	414	924	1370	414	924	1370	738	1332	2800	738	1332	2800	525	1651	4342	525	1651	4342	43	57	80	43	57	80	4293	19634	29451	4293	19634	29451
70	420	936	1387	420	936	1387	749	1350	2838	749	1350	2838	539	1685	4457	539	1685	4457	43	57	80	43	57	80	4397	20540	30810	4397	20540	30810
71	426	948	1405	426	948	1405	760	1368	2876	760	1368	2876	552	1720	4572	552	1720	4572	44	59	81	44	59	81	4501	21446	32169	4501	21446	32169
72	432	960	1422	432	960	1422	771	1386	2914	771	1386	2914	565	1753	4687	565	1753	4687	44	59	81	44	59	81	4605	22352	33528	4605	22352	33528
73	438	972	1440	438	972	1440	782	1404	2952	782	1404	2952	579	1788	4802	579	1788	4802	45	60	83	45	60	83	4709	23258	34887	4709	23258	34887
74	444	984	1458	444	984	1458	793	1422	2990	793	1422	2990	592	1821	4917	592	1821	4917	46	61	85	46	61	85	4813	24164	36246	4813	24164	36246
75	450	996	1475	450	996	1475	804	1440	3028	804	1440	3028	605	1856	5032	605	1856	5032	46	61	85	46	61	85	4917	25070	37605	4917	25070	37605
76	456	1008	1493	456	1008	1493	815	1458	3066	815	1458	3066	618	1891	5147	618	1891	5147	47	63	87	47	63	87	5021	25976	38964	5021	25976	38964
77	462	1020	1510	462	1020	1510	826	1476	3104	826	1476	3104	632	1924	5262	632	1924	5262	47	63	87	47	63	87	5125	26882	40323	5125	26882	40323
78	468	1032	1528	468	1032	1528	837	1494	3142	837	1494	3142	645	1959	5377	645	1959	5377	48	64	89	48	64	89	5229	27788	41682	5229	27788	41682
79	474	1044	1546	474	1044	1546	848	1512	3180	848	1512	3180	658	1992	5492	658	1992	5492	49	65	91	49	65	91	5333	28694	43041	5333	28694	43041
80	480	1056	1563	480	1056	1563	859	1530	3218	859	1530	3218	673	2027	5607	673	2027	5607	49	65	91	49	65	91	5437	29600	44400	5437	29600	44400
81	486	1068	1581	486	1068	1581	870	1548	3256	870	1548	3256	688	2061	5722	688	2061	5722	50	67	93	50	67	93	5541	30506	45759	5541	30506	45759
82	492	1080	1598	492	1080	1598	881	1566	3294	881	1566	3294	702	2095	5837	702	2095	5837	50	67	93	50	67	93	5645	31412	47118	5645	31412	47118
83	498	1092	1616	498	1092	1616	892	1584	3332	892	1584	3332	717	2129	5952	717	2129	5952	51	68	94	51	68	94	5749	32318	48477	5749	32318	48477
84	504	1104	1634	504	1104	1634	903	1602	3370	903	1602	3370	732	2163	6067	732	2163	6067	51	68	94	51	68	94	5853	33224	49836	5853	33224	49836
85	510	1116	1651	510	1116	1651	914	1620	3408	914	1620	3408	746	2197	6182	746	2197	6182	52	69	96	52	69	96	5957	34130	51195	5957	34130	51195
86	516	1128	1669	516	1128	1669	925	1638	3446	925	1638	3446	761	2232	6297	761	2232	6297	53	70	98	53	70	98	6061	35036	52554	6061	35036	52554
87	522	1140	1686	522	1140	1686	936	1656	3484	936	1656	3484	775	2265	6412	775	2265	6412	53	70	98	53	70	98	6165	35942	53913	6165	35942	53913
88	528	1152	1704	528	1152	1704	947	1674	3522	947	1674	3522	790	2300	6527	790	2300	6527	54	72	100	54	72	100	6269	36848	55272	6269	36848	55272
89	534	1164	1722	534	1164	1722	958	1692	3560	958	1692	3560	805	2333	6642	805	2333	6642	55	73	102	55	73	102	6373	37754	56631	6373	37754	56631
90	540	1176	1739	540	1176	1739	969	1710	3598	969	1710	3598	821	2368	6757	821	2368	6757	55	73	102	55	73	102	6477	38660	57990	6477	38660	57990
91	546	1188	1757	546	1188	1757	980	1728	3636	980	1728	3636	837	2403	6872	837	2403	6872	56	74	104	56	74	104	6581	39566	59349	6581	39566	59349
92	552	1200	1774	552	1200	1774	991	1746	3674	991	1746	3674	853	2436	6987	853	2436	6987	56	74	104	56	74	104	6685	40472	60708	6685	40472	60708
93	558	1212	1792	558	1212	1792	1002	1764	3712	1002	1764	3712	868	2471	7102	868	2471	7102	57	76	105	57	76	105	6789	41378	62067	6789	41378	62067
94	564	1224	1810	564	1224	1810	1013	1782	3750	1013	1782	3750	884	2504	7217	884	2504	7217	58	77	107	58	77	107	6893	42284	63426	6893	42284	63426
95	570	1236	1827	570	1236	1827	1024	1800	3788	1024	1800	3788	900	2539	7332	900	2539	7332	58	77	107	58	77	107	6997	43190	64785	6997	43190	64785
96	576	1248	1845	576	1248	1845	1035	1818	3826	1035	1818	3826	916	2573	7447	916	2573	7447	59	78	109	59	78	109	7101	44096	66144	7101	44096	66144
97	582	1260	1862	582	1260	1862	1046	1836	3864	1046	1836	3864	932	2607	7562	932	2607	7562	59	78	109	59	78	109	7205	45002	67503	7205	45002	67503
98	588	1272	1880	588	1272	1880	1057	1854	3902	1057	1854	3902	948	2641	7677	948	2641	7677	60	80	111	60	80	111	7309	45908	68862	7309	45908	68862
99	594	1284	1898	594	1284	1898	1068	1872	3940	1068	1872	3940	964	2675	7792	964	2675	7792	60	80	111	60	80	111	7413	46814	70221	7413	46814	70221
100	600	1296	1002	600	1296	1002	1079	1890	4168	1079	1890	4168	982	2709	12723	982	2709	12723	61	81	207	61	81	207	7517	47720	78375	7517	47720	78375
101	606	1308	1011	606	1308	1011	1090	1908	4206	1090	1908	4206	999	2744	12896	999	2744	12896	62	82	210	62	82	210	7621	48626	79734	7621	48626	79734
102	612	1320	1019	612	1320	1019	1101	1926	4244	1101	1926	4244	1016	2777	13068	1016	2777	13068	62	82	210	62	82	210	7725	49532	81093	7725	49532	81093
103	618	1332	1028	618	1332	1028	1112	1944	4282	1112	1944	4282	1033	2812	13241	1033	2812	13241	63	84	214	63	84	214	7829	50438	82452	7829	50438	82452
104	624	1344	1037	624	1344	1037	1123	1962	4320	1123	1962	4320	1051	2845	13413	1051	2845	13413	63	84	217	63	84	217	7933	51344	83811	7933	51344	83811
105	630	1356	1002	630	1356	1002	1134	1980	4168	1134	1980	4168	1068	2880	12723	1068	2880	12723	64	85	207	64	85	207	8037	52250	78375	8037	52250	78375
106	636	1368	1011	636	1368	1011	1145	1998	4206	1145	1998	4206	1085	2915	12896	1085	2915	12896	65	86	210	65	86	210	8141	53156	79734	8141	53156	79734
107	642	1380	1019	642	1380	1019	1156	2016	4244	1156	2016	4244	1103	2948	13068	1103	2948	13068	65	86	210	65	86	210	8245	54062	81093	8245	54062	81093
108	648	1392	1028	648	1392	1028	1167	2034	4282	1167	2034	4282	1120	2983	13241	1120	2983	13241	66	88	214	66	88	214	8349	54968	82452	8349	54968	82452
109	654	1404	1037	654	1404	1037	1178	2052	4320	1178	2052	4320	1137	3016	13413	1137	3016	13413	67	89	217	67	89	217	8453	55874	83811	8453	55874	83811
110	2100	2100	2100	2100	2100	2100	6532	6532	6532	6532	6532	6532	10000	10000	10000	10000	10000	10000	130	130	130	130	130	130	160000	160000	160000	160000	160000	160000
